,community_area,year,theft,battery,criminal_damage,narcotics,assault,other_offense,burglary,deceptive_practice,motor_vehicle_theft,robbery,community_name,price_change,price_status,neighborhood
0,1.0,2012,1043.0,991.0,500.0,485.0,340.0,361.0,212.0,152.0,142.0,202.0,Rogers Park,0.049764721834019955,1,Rogers Park
1,1.0,2013,1004.0,866.0,534.0,362.0,303.0,318.0,187.0,166.0,91.0,136.0,Rogers Park,0.046037832577974586,1,Rogers Park
2,1.0,2014,811.0,776.0,376.0,278.0,257.0,248.0,174.0,215.0,115.0,113.0,Rogers Park,0.044753821627644,1,Rogers Park
3,1.0,2015,845.0,666.0,441.0,205.0,234.0,239.0,165.0,207.0,113.0,106.0,Rogers Park,0.032996316674058834,0,Rogers Park
4,1.0,2016,851.0,724.0,388.0,79.0,227.0,209.0,175.0,204.0,111.0,154.0,Rogers Park,0.04389152824482873,1,Rogers Park
5,2.0,2012,976.0,658.0,544.0,230.0,254.0,266.0,348.0,159.0,201.0,142.0,West Ridge,0.05878924357513845,1,West Ridge
6,2.0,2013,991.0,669.0,494.0,216.0,225.0,258.0,260.0,161.0,135.0,151.0,West Ridge,0.04461242871595619,0,West Ridge
7,2.0,2014,794.0,574.0,429.0,173.0,201.0,224.0,268.0,191.0,137.0,110.0,West Ridge,0.06782948013693682,1,West Ridge
8,2.0,2015,669.0,544.0,431.0,157.0,166.0,229.0,234.0,180.0,122.0,90.0,West Ridge,0.03527521440524758,0,West Ridge
9,2.0,2016,694.0,534.0,447.0,79.0,198.0,200.0,190.0,210.0,157.0,122.0,West Ridge,0.02461422107162148,0,West Ridge
10,3.0,2012,1338.0,736.0,447.0,735.0,244.0,245.0,217.0,255.0,269.0,140.0,Uptown,0.0310319751048111,1,Uptown
11,3.0,2013,1134.0,667.0,367.0,482.0,277.0,277.0,132.0,281.0,189.0,122.0,Uptown,0.029648164519992956,1,Uptown
12,3.0,2014,952.0,593.0,322.0,519.0,210.0,234.0,108.0,248.0,104.0,102.0,Uptown,0.02501131761673075,0,Uptown
13,3.0,2015,879.0,661.0,320.0,271.0,233.0,222.0,117.0,301.0,155.0,113.0,Uptown,0.02329091577132672,0,Uptown
14,3.0,2016,968.0,653.0,301.0,100.0,241.0,161.0,129.0,257.0,106.0,139.0,Uptown,0.018020527113767195,0,Uptown
15,8.0,2012,5499.0,1332.0,701.0,306.0,315.0,353.0,258.0,1235.0,136.0,267.0,Near North Side,0.014841101169021773,1,Near North Side
16,8.0,2013,4852.0,1173.0,465.0,238.0,322.0,324.0,240.0,1127.0,160.0,196.0,Near North Side,0.011222082628744932,1,Near North Side
17,8.0,2014,3995.0,1174.0,484.0,213.0,318.0,309.0,155.0,1068.0,150.0,171.0,Near North Side,0.008680438913450913,0,Near North Side
18,8.0,2015,4158.0,1042.0,504.0,250.0,333.0,272.0,182.0,1141.0,151.0,203.0,Near North Side,0.004597005929529708,0,Near North Side
19,8.0,2016,4650.0,1191.0,641.0,104.0,354.0,275.0,188.0,1278.0,282.0,288.0,Near North Side,0.007972253253144553,0,Near North Side
20,9.0,2012,69.0,64.0,56.0,7.0,14.0,34.0,20.0,25.0,8.0,4.0,Edison Park,0.059685520812230455,1,Edison Park
21,9.0,2013,74.0,56.0,54.0,5.0,11.0,29.0,13.0,20.0,6.0,1.0,Edison Park,0.04810253322062724,1,Edison Park
22,9.0,2014,56.0,34.0,37.0,4.0,11.0,30.0,16.0,29.0,3.0,1.0,Edison Park,0.06904448802564721,1,Edison Park
23,9.0,2015,44.0,48.0,33.0,5.0,18.0,23.0,15.0,38.0,9.0,1.0,Edison Park,0.028323727541626664,0,Edison Park
24,9.0,2016,62.0,38.0,45.0,2.0,26.0,29.0,18.0,35.0,12.0,4.0,Edison Park,0.032599933312548166,0,Edison Park
25,10.0,2012,422.0,223.0,229.0,41.0,94.0,117.0,97.0,77.0,40.0,17.0,Norwood Park,0.03383016068828876,1,Norwood Park
26,10.0,2013,351.0,202.0,162.0,53.0,66.0,115.0,75.0,62.0,37.0,4.0,Norwood Park,0.019330833745837602,0,Norwood Park
27,10.0,2014,312.0,187.0,173.0,57.0,73.0,96.0,90.0,106.0,30.0,13.0,Norwood Park,0.018407581833157525,0,Norwood Park
28,10.0,2015,321.0,171.0,187.0,47.0,82.0,102.0,94.0,110.0,25.0,9.0,Norwood Park,0.018834853837896747,0,Norwood Park
29,10.0,2016,319.0,178.0,190.0,21.0,75.0,97.0,95.0,110.0,44.0,15.0,Norwood Park,0.027640800828724,1,Norwood Park
30,11.0,2012,363.0,213.0,221.0,56.0,63.0,105.0,136.0,56.0,75.0,27.0,Jefferson Park,0.03002426684731497,0,Jefferson Park
31,11.0,2013,344.0,192.0,154.0,95.0,64.0,117.0,113.0,58.0,57.0,27.0,Jefferson Park,0.04067187600383141,1,Jefferson Park
32,11.0,2014,325.0,185.0,145.0,55.0,67.0,82.0,101.0,77.0,53.0,21.0,Jefferson Park,0.033629179766640885,1,Jefferson Park
33,11.0,2015,288.0,172.0,134.0,62.0,55.0,81.0,82.0,98.0,42.0,23.0,Jefferson Park,0.014500388510608546,0,Jefferson Park
34,11.0,2016,272.0,142.0,132.0,18.0,76.0,68.0,74.0,78.0,43.0,23.0,Jefferson Park,0.034222857459848405,1,Jefferson Park
35,13.0,2012,327.0,130.0,122.0,49.0,36.0,71.0,159.0,39.0,64.0,23.0,North Park,0.05354590123010015,1,North Park
36,13.0,2013,295.0,115.0,111.0,35.0,49.0,57.0,89.0,31.0,41.0,20.0,North Park,0.08265064250848252,1,North Park
37,13.0,2014,270.0,98.0,109.0,35.0,46.0,43.0,103.0,51.0,42.0,19.0,North Park,0.03162677102697377,0,North Park
38,13.0,2015,243.0,113.0,119.0,36.0,34.0,44.0,87.0,53.0,35.0,22.0,North Park,0.04000914906592593,0,North Park
39,13.0,2016,289.0,123.0,112.0,27.0,46.0,48.0,67.0,59.0,38.0,31.0,North Park,0.0376765643650051,0,North Park
40,14.0,2012,610.0,556.0,402.0,191.0,147.0,184.0,245.0,75.0,221.0,114.0,Albany Park,0.07439352693630066,1,Albany Park
41,14.0,2013,584.0,499.0,367.0,168.0,138.0,166.0,169.0,85.0,176.0,124.0,Albany Park,0.05519169978934488,1,Albany Park
42,14.0,2014,496.0,425.0,333.0,150.0,141.0,146.0,132.0,104.0,113.0,93.0,Albany Park,0.056466057386901115,1,Albany Park
43,14.0,2015,548.0,492.0,379.0,117.0,171.0,139.0,172.0,100.0,143.0,68.0,Albany Park,0.04641844685208671,0,Albany Park
44,14.0,2016,544.0,445.0,344.0,40.0,139.0,123.0,123.0,101.0,139.0,165.0,Albany Park,0.0353122865465493,0,Albany Park
45,15.0,2012,1068.0,627.0,532.0,227.0,202.0,287.0,355.0,163.0,331.0,109.0,Portage Park,0.023293104608989403,0,Portage Park
46,15.0,2013,969.0,615.0,458.0,370.0,227.0,300.0,259.0,145.0,248.0,84.0,Portage Park,0.035048605857238055,1,Portage Park
47,15.0,2014,806.0,564.0,443.0,218.0,181.0,234.0,238.0,202.0,159.0,63.0,Portage Park,0.01775825233577239,0,Portage Park
48,15.0,2015,808.0,567.0,471.0,203.0,195.0,259.0,251.0,203.0,152.0,85.0,Portage Park,0.030059730134404827,1,Portage Park
49,15.0,2016,709.0,522.0,421.0,73.0,207.0,249.0,215.0,196.0,186.0,81.0,Portage Park,0.01937607034542407,0,Portage Park
50,17.0,2012,449.0,275.0,288.0,74.0,105.0,156.0,204.0,91.0,141.0,36.0,Dunning,0.02777999659954823,0,Dunning
51,17.0,2013,399.0,291.0,247.0,96.0,105.0,156.0,206.0,76.0,113.0,28.0,Dunning,0.019719470993327437,0,Dunning
52,17.0,2014,296.0,290.0,202.0,84.0,93.0,150.0,132.0,98.0,65.0,20.0,Dunning,0.03166614540914287,1,Dunning
53,17.0,2015,307.0,280.0,259.0,72.0,99.0,155.0,131.0,120.0,80.0,30.0,Dunning,0.03717770876396794,1,Dunning
54,17.0,2016,298.0,272.0,235.0,38.0,126.0,129.0,190.0,96.0,76.0,53.0,Dunning,0.028923408601398855,0,Dunning
55,21.0,2012,698.0,515.0,383.0,171.0,183.0,193.0,337.0,126.0,332.0,113.0,Avondale,0.0675120087107392,1,Avondale
56,21.0,2013,671.0,416.0,322.0,95.0,157.0,179.0,219.0,120.0,227.0,110.0,Avondale,0.03587908266178652,0,Avondale
57,21.0,2014,622.0,377.0,325.0,85.0,115.0,142.0,160.0,122.0,131.0,74.0,Avondale,0.050379293770167845,1,Avondale
58,21.0,2015,631.0,365.0,257.0,83.0,125.0,127.0,117.0,133.0,186.0,89.0,Avondale,0.03953312409890882,0,Avondale
59,21.0,2016,555.0,360.0,305.0,27.0,141.0,110.0,151.0,123.0,171.0,82.0,Avondale,0.03271160183451482,0,Avondale
60,23.0,2012,1562.0,2015.0,1013.0,2704.0,632.0,490.0,585.0,186.0,623.0,447.0,Humboldt Park,0.057445349241134834,0,Humboldt Park
61,23.0,2013,1450.0,1823.0,810.0,2859.0,551.0,521.0,431.0,169.0,340.0,378.0,Humboldt Park,0.09721788937481425,1,Humboldt Park
62,23.0,2014,1075.0,1677.0,707.0,2445.0,528.0,592.0,284.0,261.0,325.0,313.0,Humboldt Park,0.11447274978927917,1,Humboldt Park
63,23.0,2015,1025.0,1695.0,754.0,1595.0,557.0,569.0,286.0,256.0,322.0,307.0,Humboldt Park,0.06273047509410953,0,Humboldt Park
64,23.0,2016,1200.0,1629.0,807.0,882.0,590.0,474.0,315.0,194.0,398.0,403.0,Humboldt Park,0.08595349696716342,1,Humboldt Park
65,25.0,2012,3270.0,4229.0,1744.0,4611.0,1262.0,1041.0,1100.0,445.0,826.0,973.0,Austin,0.05299306317105945,0,Austin
66,25.0,2013,3244.0,3993.0,1569.0,4827.0,1138.0,1177.0,727.0,421.0,631.0,742.0,Austin,0.07456435105300657,1,Austin
67,25.0,2014,2483.0,3615.0,1408.0,4041.0,1135.0,1169.0,590.0,646.0,636.0,750.0,Austin,0.0524241574071193,0,Austin
68,25.0,2015,2167.0,3551.0,1540.0,3193.0,1093.0,1243.0,477.0,721.0,656.0,768.0,Austin,0.07363743817160585,1,Austin
69,25.0,2016,2212.0,3608.0,1790.0,1556.0,1206.0,1139.0,478.0,499.0,780.0,837.0,Austin,0.06385758974629512,1,Austin
70,26.0,2012,841.0,1202.0,483.0,1658.0,333.0,249.0,284.0,440.0,278.0,318.0,West Garfield Park,0.10292633714928823,0,West Garfield Park
71,26.0,2013,736.0,1114.0,428.0,2352.0,307.0,297.0,168.0,318.0,186.0,224.0,West Garfield Park,0.1799172423493394,1,West Garfield Park
72,26.0,2014,595.0,993.0,373.0,2064.0,289.0,292.0,133.0,257.0,137.0,241.0,West Garfield Park,0.2067166147843085,1,West Garfield Park
73,26.0,2015,501.0,1029.0,402.0,1992.0,325.0,301.0,111.0,154.0,153.0,296.0,West Garfield Park,0.07611947764542674,0,West Garfield Park
74,26.0,2016,551.0,1111.0,491.0,1152.0,324.0,269.0,125.0,125.0,207.0,349.0,West Garfield Park,0.13176551984773607,0,West Garfield Park
75,27.0,2012,841.0,1253.0,516.0,1390.0,398.0,293.0,232.0,204.0,294.0,339.0,East Garfield Park,0.13189793104740408,0,East Garfield Park
76,27.0,2013,783.0,1184.0,470.0,1700.0,402.0,349.0,188.0,161.0,238.0,247.0,East Garfield Park,0.11147999296139781,0,East Garfield Park
77,27.0,2014,664.0,1171.0,402.0,1518.0,388.0,294.0,168.0,154.0,187.0,218.0,East Garfield Park,0.20076069502671856,1,East Garfield Park
78,27.0,2015,577.0,1066.0,442.0,1445.0,389.0,299.0,144.0,133.0,161.0,224.0,East Garfield Park,0.1371678278744626,1,East Garfield Park
79,27.0,2016,590.0,1178.0,482.0,652.0,417.0,318.0,113.0,100.0,213.0,220.0,East Garfield Park,0.079723785979326,0,East Garfield Park
80,29.0,2012,1392.0,2276.0,1005.0,2342.0,649.0,499.0,528.0,159.0,371.0,446.0,North Lawndale,0.06552506620019873,0,North Lawndale
81,29.0,2013,1196.0,1963.0,754.0,2769.0,557.0,484.0,426.0,174.0,212.0,384.0,North Lawndale,0.10178231824272492,0,North Lawndale
82,29.0,2014,1063.0,1818.0,768.0,2008.0,532.0,432.0,379.0,231.0,214.0,392.0,North Lawndale,0.07256086264026713,0,North Lawndale
83,29.0,2015,901.0,1906.0,829.0,1620.0,540.0,512.0,300.0,233.0,251.0,390.0,North Lawndale,0.08558797397916923,0,North Lawndale
84,29.0,2016,895.0,2127.0,998.0,801.0,655.0,583.0,278.0,205.0,342.0,438.0,North Lawndale,0.19793947821886249,1,North Lawndale
85,35.0,2012,683.0,566.0,241.0,198.0,211.0,173.0,91.0,96.0,128.0,127.0,Douglas,0.18536732979421336,1,Douglas
86,35.0,2013,743.0,557.0,215.0,238.0,205.0,131.0,74.0,130.0,113.0,119.0,Douglas,0.11560775940704325,1,Douglas
87,35.0,2014,553.0,508.0,198.0,164.0,206.0,150.0,49.0,168.0,127.0,133.0,Douglas,0.0950973323782251,0,Douglas
88,35.0,2015,636.0,504.0,253.0,111.0,181.0,167.0,55.0,189.0,106.0,87.0,Douglas,0.08200825189506215,0,Douglas
89,35.0,2016,673.0,456.0,254.0,65.0,193.0,143.0,44.0,146.0,90.0,176.0,Douglas,0.04977712495988354,0,Douglas
90,36.0,2012,162.0,161.0,106.0,30.0,51.0,66.0,39.0,17.0,24.0,27.0,Oakland,0.2524479062431773,1,Oakland
91,36.0,2013,119.0,138.0,76.0,49.0,56.0,64.0,24.0,23.0,25.0,22.0,Oakland,0.1311965457817483,0,Oakland
92,36.0,2014,110.0,138.0,86.0,19.0,59.0,39.0,26.0,29.0,35.0,24.0,Oakland,0.18038456820974694,1,Oakland
93,36.0,2015,138.0,112.0,80.0,19.0,53.0,50.0,18.0,37.0,38.0,27.0,Oakland,0.05875262193229607,0,Oakland
94,36.0,2016,175.0,115.0,85.0,7.0,55.0,48.0,26.0,27.0,36.0,22.0,Oakland,0.09718107890213075,0,Oakland
95,37.0,2012,251.0,175.0,100.0,124.0,81.0,46.0,38.0,153.0,60.0,89.0,Fuller Park,0.4712452762959577,1,Fuller Park
96,37.0,2013,202.0,189.0,92.0,168.0,71.0,47.0,36.0,64.0,47.0,56.0,Fuller Park,0.25329378973378963,0,Fuller Park
97,37.0,2014,176.0,158.0,77.0,110.0,55.0,47.0,31.0,64.0,33.0,53.0,Fuller Park,0.2468394411981234,0,Fuller Park
98,37.0,2015,157.0,168.0,84.0,69.0,56.0,49.0,32.0,49.0,28.0,50.0,Fuller Park,0.7623009890728837,1,Fuller Park
99,37.0,2016,233.0,165.0,89.0,34.0,94.0,29.0,20.0,38.0,39.0,53.0,Fuller Park,0.23265668239857976,0,Fuller Park
100,38.0,2012,713.0,899.0,431.0,497.0,313.0,259.0,187.0,108.0,187.0,208.0,Grand Boulevard,0.09190641477576178,0,Grand Boulevard
101,38.0,2013,704.0,812.0,349.0,541.0,317.0,245.0,208.0,116.0,172.0,199.0,Grand Boulevard,0.09270126310847517,0,Grand Boulevard
102,38.0,2014,647.0,725.0,342.0,334.0,281.0,221.0,167.0,158.0,139.0,167.0,Grand Boulevard,0.09792838410202288,0,Grand Boulevard
103,38.0,2015,696.0,670.0,370.0,157.0,221.0,191.0,121.0,167.0,151.0,152.0,Grand Boulevard,0.1039644619154102,1,Grand Boulevard
104,38.0,2016,697.0,641.0,420.0,72.0,251.0,198.0,130.0,133.0,149.0,176.0,Grand Boulevard,0.11191674650706801,1,Grand Boulevard
105,39.0,2012,509.0,303.0,196.0,77.0,128.0,134.0,113.0,50.0,83.0,84.0,Kenwood,0.17366824615921944,1,Kenwood
106,39.0,2013,447.0,254.0,176.0,112.0,99.0,128.0,71.0,66.0,71.0,53.0,Kenwood,0.04236301144411961,0,Kenwood
107,39.0,2014,403.0,234.0,140.0,94.0,88.0,94.0,76.0,99.0,68.0,87.0,Kenwood,0.0872588982169908,1,Kenwood
108,39.0,2015,304.0,248.0,147.0,55.0,89.0,95.0,56.0,101.0,73.0,82.0,Kenwood,0.05597323341253039,0,Kenwood
109,39.0,2016,316.0,263.0,163.0,10.0,109.0,83.0,78.0,81.0,56.0,76.0,Kenwood,0.07693941245478185,0,Kenwood
110,40.0,2012,511.0,820.0,374.0,371.0,242.0,183.0,251.0,48.0,186.0,154.0,Washington Park,0.05561556577248381,0,Washington Park
111,40.0,2013,561.0,759.0,309.0,421.0,242.0,186.0,195.0,49.0,130.0,209.0,Washington Park,0.10265488591961865,0,Washington Park
112,40.0,2014,464.0,685.0,280.0,283.0,221.0,180.0,185.0,82.0,110.0,162.0,Washington Park,0.10809310436644536,0,Washington Park
113,40.0,2015,403.0,689.0,388.0,145.0,231.0,178.0,203.0,91.0,81.0,123.0,Washington Park,0.12609527304976145,1,Washington Park
114,40.0,2016,405.0,654.0,336.0,81.0,217.0,172.0,169.0,70.0,90.0,163.0,Washington Park,0.1511324354864953,1,Washington Park
115,41.0,2012,660.0,225.0,223.0,43.0,119.0,88.0,135.0,115.0,93.0,100.0,Hyde Park,0.10281986710004073,1,Hyde Park
116,41.0,2013,618.0,189.0,149.0,34.0,93.0,84.0,141.0,83.0,80.0,77.0,Hyde Park,0.10601279851635458,1,Hyde Park
117,41.0,2014,493.0,171.0,136.0,17.0,59.0,86.0,109.0,125.0,60.0,77.0,Hyde Park,0.09150280624919865,1,Hyde Park
118,41.0,2015,483.0,193.0,156.0,15.0,77.0,97.0,86.0,126.0,87.0,92.0,Hyde Park,0.05001548248001264,0,Hyde Park
119,41.0,2016,545.0,165.0,206.0,7.0,70.0,98.0,163.0,126.0,72.0,89.0,Hyde Park,0.07749274301210991,0,Hyde Park
120,42.0,2012,834.0,1106.0,566.0,777.0,393.0,293.0,335.0,111.0,143.0,220.0,Woodlawn,0.179460494274493,1,Woodlawn
121,42.0,2013,769.0,989.0,448.0,550.0,326.0,384.0,311.0,96.0,115.0,225.0,Woodlawn,0.16892303134946607,1,Woodlawn
122,42.0,2014,624.0,870.0,400.0,390.0,312.0,390.0,270.0,157.0,97.0,174.0,Woodlawn,0.1547397012644607,1,Woodlawn
123,42.0,2015,562.0,809.0,442.0,238.0,274.0,331.0,279.0,133.0,118.0,169.0,Woodlawn,0.101900384810947,0,Woodlawn
124,42.0,2016,548.0,772.0,398.0,118.0,277.0,281.0,286.0,118.0,125.0,190.0,Woodlawn,0.06173139809798699,0,Woodlawn
125,43.0,2012,1900.0,2401.0,1304.0,1145.0,796.0,675.0,1236.0,295.0,397.0,604.0,South Shore,0.1001839901462861,1,South Shore
126,43.0,2013,1825.0,2183.0,1264.0,942.0,711.0,735.0,1039.0,273.0,337.0,451.0,South Shore,0.061600097877891946,0,South Shore
127,43.0,2014,1486.0,1988.0,984.0,806.0,641.0,742.0,676.0,363.0,275.0,379.0,South Shore,0.0367276903255749,0,South Shore
128,43.0,2015,1459.0,2050.0,1024.0,620.0,645.0,741.0,742.0,404.0,267.0,336.0,South Shore,0.06401609325980274,0,South Shore
129,43.0,2016,1187.0,1913.0,942.0,199.0,724.0,610.0,558.0,270.0,299.0,440.0,South Shore,0.08844827586364358,1,South Shore
130,45.0,2012,452.0,340.0,192.0,80.0,130.0,102.0,131.0,77.0,89.0,115.0,Avalon Park,0.26772049020038013,1,Avalon Park
131,45.0,2013,369.0,292.0,176.0,91.0,127.0,109.0,124.0,63.0,76.0,81.0,Avalon Park,0.11883023795847174,0,Avalon Park
132,45.0,2014,321.0,283.0,145.0,112.0,111.0,93.0,73.0,68.0,59.0,90.0,Avalon Park,0.06291807832282251,0,Avalon Park
133,45.0,2015,230.0,274.0,157.0,89.0,122.0,116.0,86.0,63.0,58.0,64.0,Avalon Park,0.1729354068098781,1,Avalon Park
134,45.0,2016,184.0,267.0,155.0,51.0,108.0,90.0,83.0,62.0,51.0,65.0,Avalon Park,0.17910778125718219,1,Avalon Park
135,46.0,2012,949.0,1424.0,839.0,628.0,577.0,364.0,592.0,158.0,225.0,277.0,South Chicago,0.07712542662389707,0,South Chicago
136,46.0,2013,855.0,1253.0,681.0,558.0,446.0,375.0,549.0,160.0,199.0,243.0,South Chicago,0.06674837110087341,0,South Chicago
137,46.0,2014,728.0,1098.0,547.0,632.0,418.0,399.0,312.0,165.0,134.0,174.0,South Chicago,0.16683172654473347,1,South Chicago
138,46.0,2015,716.0,1166.0,560.0,432.0,402.0,450.0,314.0,165.0,139.0,170.0,South Chicago,0.1375167920771692,1,South Chicago
139,46.0,2016,617.0,1094.0,550.0,160.0,479.0,383.0,286.0,142.0,156.0,205.0,South Chicago,0.14528894893336905,1,South Chicago
140,47.0,2012,92.0,85.0,71.0,43.0,40.0,26.0,84.0,12.0,26.0,14.0,Burnside,0.41574006932256047,1,Burnside
141,47.0,2013,101.0,79.0,53.0,39.0,24.0,30.0,59.0,10.0,21.0,18.0,Burnside,0.1812340192655892,0,Burnside
142,47.0,2014,80.0,73.0,41.0,57.0,30.0,17.0,23.0,14.0,13.0,16.0,Burnside,0.24465281597829616,0,Burnside
143,47.0,2015,56.0,69.0,53.0,20.0,34.0,33.0,18.0,21.0,24.0,17.0,Burnside,0.2820986570851088,0,Burnside
144,47.0,2016,47.0,81.0,70.0,15.0,37.0,31.0,21.0,13.0,18.0,13.0,Burnside,0.3989981524206494,1,Burnside
145,49.0,2012,1434.0,1792.0,1029.0,1086.0,637.0,404.0,627.0,323.0,369.0,470.0,Roseland,0.10505645111467551,0,Roseland
146,49.0,2013,1362.0,1574.0,900.0,997.0,602.0,411.0,550.0,235.0,305.0,434.0,Roseland,0.05158377549332982,0,Roseland
147,49.0,2014,1189.0,1414.0,836.0,782.0,558.0,413.0,424.0,282.0,219.0,323.0,Roseland,0.15572569636297176,1,Roseland
148,49.0,2015,961.0,1418.0,791.0,514.0,549.0,422.0,470.0,292.0,243.0,263.0,Roseland,0.1665291346326037,1,Roseland
149,49.0,2016,920.0,1452.0,856.0,296.0,585.0,493.0,430.0,176.0,255.0,341.0,Roseland,0.09069417030998012,0,Roseland
150,50.0,2012,205.0,258.0,153.0,81.0,114.0,75.0,70.0,50.0,75.0,35.0,Pullman,0.0907609174190323,0,Pullman
151,50.0,2013,250.0,240.0,114.0,49.0,90.0,85.0,54.0,40.0,47.0,41.0,Pullman,0.15703616861301364,1,Pullman
152,50.0,2014,300.0,232.0,129.0,51.0,131.0,62.0,43.0,62.0,32.0,34.0,Pullman,0.20324024541644473,1,Pullman
153,50.0,2015,232.0,212.0,116.0,52.0,93.0,85.0,32.0,56.0,35.0,20.0,Pullman,0.08251925089051286,0,Pullman
154,50.0,2016,245.0,228.0,151.0,29.0,108.0,93.0,50.0,52.0,42.0,40.0,Pullman,0.15005054991663083,1,Pullman
155,51.0,2012,410.0,462.0,351.0,136.0,210.0,123.0,161.0,60.0,85.0,83.0,South Deering,0.06249762191262544,0,South Deering
156,51.0,2013,474.0,410.0,281.0,133.0,169.0,126.0,167.0,70.0,76.0,81.0,South Deering,0.0743193036073743,0,South Deering
157,51.0,2014,470.0,362.0,250.0,200.0,141.0,157.0,130.0,97.0,83.0,81.0,South Deering,0.2289171770995091,1,South Deering
158,51.0,2015,388.0,360.0,196.0,103.0,178.0,141.0,111.0,101.0,60.0,60.0,South Deering,0.18115434265625674,1,South Deering
159,51.0,2016,374.0,339.0,243.0,54.0,179.0,146.0,68.0,79.0,79.0,60.0,South Deering,0.0708321644254286,0,South Deering
160,52.0,2012,270.0,312.0,338.0,114.0,158.0,107.0,135.0,54.0,97.0,28.0,East Side,0.1515899349758005,1,East Side
161,52.0,2013,260.0,257.0,250.0,145.0,101.0,96.0,85.0,43.0,74.0,27.0,East Side,0.08770195297622273,0,East Side
162,52.0,2014,224.0,242.0,226.0,149.0,93.0,107.0,87.0,48.0,43.0,17.0,East Side,0.12416374560376305,1,East Side
163,52.0,2015,177.0,259.0,228.0,114.0,120.0,93.0,62.0,58.0,30.0,31.0,East Side,0.10738708807696734,0,East Side
164,52.0,2016,204.0,289.0,215.0,44.0,115.0,94.0,61.0,63.0,51.0,23.0,East Side,0.06803233832640554,0,East Side
165,53.0,2012,855.0,1094.0,759.0,721.0,417.0,315.0,455.0,113.0,288.0,201.0,West Pullman,0.08779769888175565,0,West Pullman
166,53.0,2013,728.0,1070.0,593.0,615.0,377.0,351.0,431.0,99.0,213.0,164.0,West Pullman,0.06212888475778991,0,West Pullman
167,53.0,2014,649.0,889.0,507.0,424.0,327.0,288.0,288.0,145.0,137.0,166.0,West Pullman,0.1558706131245329,1,West Pullman
168,53.0,2015,595.0,856.0,550.0,294.0,307.0,332.0,217.0,150.0,132.0,144.0,West Pullman,0.1199816982820608,1,West Pullman
169,53.0,2016,449.0,826.0,574.0,129.0,331.0,319.0,209.0,137.0,158.0,141.0,West Pullman,0.08945431674651577,0,West Pullman
170,55.0,2012,143.0,152.0,123.0,40.0,55.0,52.0,51.0,25.0,26.0,11.0,Hegewisch,0.10493366640099747,0,Hegewisch
171,55.0,2013,158.0,125.0,103.0,49.0,46.0,54.0,36.0,31.0,42.0,9.0,Hegewisch,0.11927027677035928,1,Hegewisch
172,55.0,2014,151.0,111.0,67.0,32.0,54.0,55.0,35.0,40.0,13.0,7.0,Hegewisch,0.15203034489780584,1,Hegewisch
173,55.0,2015,106.0,106.0,62.0,20.0,40.0,43.0,21.0,50.0,12.0,11.0,Hegewisch,0.07706917892025558,0,Hegewisch
174,55.0,2016,106.0,138.0,85.0,8.0,53.0,39.0,31.0,30.0,15.0,6.0,Hegewisch,0.10065692215325965,0,Hegewisch
175,56.0,2012,547.0,348.0,323.0,251.0,128.0,147.0,200.0,166.0,96.0,51.0,Garfield Ridge,0.029524427060032905,1,Garfield Ridge
176,56.0,2013,488.0,271.0,327.0,220.0,115.0,116.0,169.0,115.0,85.0,47.0,Garfield Ridge,0.036867543741308184,1,Garfield Ridge
177,56.0,2014,414.0,235.0,286.0,166.0,90.0,118.0,130.0,129.0,63.0,42.0,Garfield Ridge,0.016513930112483415,0,Garfield Ridge
178,56.0,2015,401.0,240.0,308.0,115.0,122.0,116.0,112.0,159.0,66.0,32.0,Garfield Ridge,0.020193897585835036,0,Garfield Ridge
179,56.0,2016,486.0,271.0,321.0,35.0,121.0,103.0,151.0,140.0,96.0,48.0,Garfield Ridge,0.02493387257348831,0,Garfield Ridge
180,57.0,2012,253.0,181.0,203.0,67.0,51.0,50.0,116.0,36.0,97.0,67.0,Archer Heights,0.08888068117439939,1,Archer Heights
181,57.0,2013,357.0,149.0,178.0,64.0,50.0,54.0,92.0,36.0,89.0,52.0,Archer Heights,0.11125086567263205,1,Archer Heights
182,57.0,2014,257.0,114.0,172.0,51.0,47.0,63.0,72.0,47.0,111.0,33.0,Archer Heights,0.08021279791869583,0,Archer Heights
183,57.0,2015,219.0,172.0,143.0,40.0,69.0,52.0,70.0,51.0,53.0,43.0,Archer Heights,0.0825830490652068,0,Archer Heights
184,57.0,2016,209.0,130.0,113.0,28.0,60.0,46.0,60.0,45.0,65.0,23.0,Archer Heights,0.06566005344481894,0,Archer Heights
185,58.0,2012,509.0,625.0,457.0,160.0,201.0,199.0,291.0,83.0,273.0,121.0,Brighton Park,0.09598013179142498,1,Brighton Park
186,58.0,2013,458.0,521.0,343.0,223.0,164.0,191.0,217.0,74.0,294.0,86.0,Brighton Park,0.07699741521479718,1,Brighton Park
187,58.0,2014,423.0,556.0,409.0,320.0,157.0,188.0,244.0,109.0,161.0,64.0,Brighton Park,0.07950518809403213,1,Brighton Park
188,58.0,2015,415.0,547.0,346.0,304.0,148.0,179.0,138.0,104.0,169.0,104.0,Brighton Park,0.05257165288805732,0,Brighton Park
189,58.0,2016,324.0,522.0,368.0,143.0,194.0,164.0,192.0,91.0,148.0,144.0,Brighton Park,0.05303492309679945,0,Brighton Park
190,59.0,2012,372.0,212.0,198.0,75.0,60.0,78.0,83.0,42.0,112.0,26.0,McKinley Park,0.12706423424662674,1,McKinley Park
191,59.0,2013,362.0,195.0,159.0,85.0,66.0,78.0,83.0,51.0,88.0,27.0,McKinley Park,0.08103596833693881,1,McKinley Park
192,59.0,2014,274.0,172.0,145.0,75.0,57.0,64.0,63.0,45.0,49.0,30.0,McKinley Park,0.09974865940019902,1,McKinley Park
193,59.0,2015,280.0,157.0,164.0,91.0,72.0,46.0,42.0,47.0,63.0,38.0,McKinley Park,0.045292809745674234,0,McKinley Park
194,59.0,2016,244.0,156.0,168.0,53.0,75.0,63.0,57.0,34.0,56.0,27.0,McKinley Park,0.03953501308952763,0,McKinley Park
195,60.0,2012,511.0,339.0,376.0,75.0,129.0,157.0,188.0,60.0,128.0,44.0,Bridgeport,0.048329912673032924,1,Bridgeport
196,60.0,2013,435.0,301.0,309.0,101.0,117.0,126.0,151.0,62.0,117.0,33.0,Bridgeport,0.03170411946462094,0,Bridgeport
197,60.0,2014,425.0,270.0,293.0,65.0,125.0,117.0,147.0,80.0,75.0,40.0,Bridgeport,0.02595523332562073,0,Bridgeport
198,60.0,2015,371.0,249.0,255.0,50.0,122.0,103.0,125.0,79.0,97.0,41.0,Bridgeport,0.03432400010005781,0,Bridgeport
199,60.0,2016,382.0,253.0,264.0,37.0,120.0,96.0,110.0,90.0,57.0,71.0,Bridgeport,0.03200104498996027,0,Bridgeport
200,61.0,2012,1139.0,1412.0,697.0,1013.0,493.0,296.0,449.0,147.0,304.0,219.0,New City,0.08450015506943832,0,New City
201,61.0,2013,1208.0,1235.0,605.0,820.0,418.0,329.0,284.0,131.0,184.0,177.0,New City,0.055678521475635866,0,New City
202,61.0,2014,1031.0,1112.0,571.0,521.0,377.0,279.0,253.0,172.0,194.0,208.0,New City,0.08637463488274828,0,New City
203,61.0,2015,848.0,1048.0,517.0,519.0,372.0,385.0,256.0,166.0,160.0,182.0,New City,0.11173055901976148,1,New City
204,61.0,2016,730.0,1065.0,545.0,225.0,422.0,341.0,285.0,142.0,186.0,252.0,New City,0.1415371087663642,1,New City
205,62.0,2012,293.0,181.0,249.0,85.0,65.0,61.0,129.0,53.0,94.0,62.0,West Elsdon,0.03294792001981622,0,West Elsdon
206,62.0,2013,355.0,155.0,200.0,76.0,62.0,69.0,125.0,49.0,89.0,43.0,West Elsdon,0.06410467362693202,1,West Elsdon
207,62.0,2014,218.0,123.0,164.0,45.0,47.0,62.0,100.0,79.0,64.0,40.0,West Elsdon,0.0252098948698681,0,West Elsdon
208,62.0,2015,231.0,132.0,153.0,49.0,55.0,61.0,79.0,72.0,60.0,49.0,West Elsdon,0.02941921577382109,0,West Elsdon
209,62.0,2016,230.0,139.0,169.0,15.0,48.0,63.0,134.0,55.0,62.0,60.0,West Elsdon,0.028002736421497185,0,West Elsdon
210,63.0,2012,563.0,541.0,441.0,290.0,166.0,168.0,218.0,80.0,318.0,143.0,Gage Park,0.07407794666931675,0,Gage Park
211,63.0,2013,563.0,488.0,381.0,259.0,144.0,174.0,188.0,72.0,189.0,110.0,Gage Park,0.08957438082897651,1,Gage Park
212,63.0,2014,494.0,442.0,365.0,254.0,152.0,164.0,176.0,120.0,134.0,82.0,Gage Park,0.07563241770959789,0,Gage Park
213,63.0,2015,410.0,450.0,297.0,195.0,159.0,153.0,154.0,91.0,120.0,119.0,Gage Park,0.090449025201766,1,Gage Park
214,63.0,2016,397.0,462.0,352.0,93.0,171.0,135.0,169.0,74.0,123.0,109.0,Gage Park,0.07719892038323437,0,Gage Park
215,65.0,2012,797.0,326.0,324.0,71.0,111.0,142.0,197.0,102.0,152.0,94.0,West Lawn,0.04321183232013611,1,West Lawn
216,65.0,2013,766.0,270.0,299.0,93.0,85.0,124.0,196.0,90.0,89.0,100.0,West Lawn,0.03225052931316058,1,West Lawn
217,65.0,2014,749.0,214.0,274.0,96.0,111.0,121.0,153.0,100.0,87.0,56.0,West Lawn,0.021951623431604783,0,West Lawn
218,65.0,2015,650.0,277.0,279.0,66.0,97.0,128.0,143.0,113.0,117.0,65.0,West Lawn,0.03583418626107515,1,West Lawn
219,65.0,2016,538.0,296.0,351.0,42.0,104.0,124.0,174.0,101.0,98.0,101.0,West Lawn,0.026823375933092655,0,West Lawn
220,67.0,2012,1531.0,2228.0,975.0,1372.0,654.0,435.0,743.0,187.0,328.0,449.0,West Englewood,0.07833742870892678,1,West Englewood
221,67.0,2013,1523.0,2004.0,872.0,1094.0,593.0,482.0,574.0,175.0,296.0,462.0,West Englewood,0.04751421140181289,0,West Englewood
222,67.0,2014,1078.0,1719.0,724.0,983.0,582.0,420.0,430.0,213.0,208.0,296.0,West Englewood,0.04513297960368723,0,West Englewood
223,67.0,2015,891.0,1662.0,764.0,1071.0,507.0,627.0,356.0,249.0,227.0,260.0,West Englewood,0.10648308908277247,1,West Englewood
224,67.0,2016,815.0,1571.0,774.0,355.0,567.0,469.0,427.0,193.0,256.0,342.0,West Englewood,0.09445404961768433,1,West Englewood
225,68.0,2012,1392.0,2084.0,911.0,1049.0,626.0,354.0,655.0,185.0,320.0,420.0,Englewood,0.06371741592734739,0,Englewood
226,68.0,2013,1368.0,2004.0,788.0,843.0,602.0,410.0,395.0,161.0,269.0,405.0,Englewood,0.07710158602274453,0,Englewood
227,68.0,2014,1070.0,1693.0,614.0,742.0,561.0,372.0,373.0,247.0,207.0,350.0,Englewood,0.11227302946429198,1,Englewood
228,68.0,2015,909.0,1604.0,704.0,811.0,551.0,635.0,350.0,225.0,249.0,288.0,Englewood,0.07823462001857281,0,Englewood
229,68.0,2016,733.0,1503.0,637.0,319.0,582.0,480.0,280.0,158.0,199.0,285.0,Englewood,0.061903512309865814,0,Englewood
230,69.0,2012,1331.0,1873.0,873.0,1056.0,579.0,436.0,529.0,349.0,392.0,514.0,Greater Grand Crossing,0.0718264075865361,0,Greater Grand Crossing
231,69.0,2013,1301.0,1715.0,728.0,803.0,538.0,456.0,426.0,291.0,298.0,404.0,Greater Grand Crossing,0.08281737856966019,0,Greater Grand Crossing
232,69.0,2014,1058.0,1478.0,667.0,591.0,509.0,500.0,362.0,328.0,220.0,312.0,Greater Grand Crossing,0.13783284703165385,1,Greater Grand Crossing
233,69.0,2015,1053.0,1603.0,781.0,422.0,546.0,509.0,385.0,277.0,238.0,296.0,Greater Grand Crossing,0.07836758854841179,0,Greater Grand Crossing
234,69.0,2016,964.0,1572.0,804.0,216.0,545.0,461.0,339.0,194.0,217.0,368.0,Greater Grand Crossing,0.20806881543014177,1,Greater Grand Crossing
235,70.0,2012,594.0,401.0,369.0,142.0,205.0,209.0,301.0,125.0,149.0,123.0,Ashburn,0.038062181317013694,1,Ashburn
236,70.0,2013,636.0,370.0,432.0,154.0,161.0,172.0,297.0,106.0,146.0,137.0,Ashburn,0.03154864229023745,0,Ashburn
237,70.0,2014,559.0,354.0,363.0,156.0,158.0,184.0,218.0,183.0,112.0,78.0,Ashburn,0.03396040851102692,0,Ashburn
238,70.0,2015,453.0,384.0,321.0,119.0,162.0,198.0,149.0,145.0,115.0,81.0,Ashburn,0.03246262672533121,0,Ashburn
239,70.0,2016,527.0,423.0,379.0,37.0,194.0,171.0,191.0,124.0,272.0,123.0,Ashburn,0.033794814648850265,0,Ashburn
240,71.0,2012,1425.0,1970.0,986.0,1294.0,640.0,518.0,691.0,252.0,389.0,428.0,Auburn Gresham,0.08803618571255427,1,Auburn Gresham
241,71.0,2013,1548.0,1821.0,849.0,1024.0,585.0,459.0,458.0,224.0,294.0,476.0,Auburn Gresham,0.06595800174902604,1,Auburn Gresham
242,71.0,2014,1347.0,1758.0,767.0,752.0,579.0,515.0,458.0,355.0,277.0,371.0,Auburn Gresham,0.038569304346164894,0,Auburn Gresham
243,71.0,2015,1069.0,1676.0,884.0,664.0,634.0,562.0,548.0,353.0,300.0,365.0,Auburn Gresham,0.053346689450980776,0,Auburn Gresham
244,71.0,2016,1078.0,1670.0,969.0,274.0,613.0,563.0,475.0,253.0,267.0,372.0,Auburn Gresham,0.062398352457629015,1,Auburn Gresham
245,72.0,2012,355.0,131.0,165.0,27.0,70.0,83.0,113.0,73.0,67.0,43.0,Beverly,0.08563408413557774,1,Beverly
246,72.0,2013,297.0,127.0,110.0,29.0,70.0,98.0,66.0,60.0,27.0,56.0,Beverly,0.04667433392544714,0,Beverly
247,72.0,2014,251.0,99.0,111.0,27.0,53.0,69.0,76.0,92.0,24.0,24.0,Beverly,0.04691717118886853,0,Beverly
248,72.0,2015,322.0,102.0,144.0,14.0,60.0,66.0,61.0,96.0,24.0,20.0,Beverly,0.03386132480002012,0,Beverly
249,72.0,2016,230.0,106.0,133.0,18.0,55.0,73.0,96.0,72.0,47.0,21.0,Beverly,0.03279155850747203,0,Beverly
250,74.0,2012,210.0,107.0,116.0,17.0,48.0,68.0,20.0,36.0,16.0,10.0,Mount Greenwood,0.03727923427577829,0,Mount Greenwood
251,74.0,2013,178.0,96.0,98.0,16.0,37.0,48.0,38.0,41.0,4.0,9.0,Mount Greenwood,0.04428399893527183,1,Mount Greenwood
252,74.0,2014,167.0,88.0,92.0,18.0,52.0,64.0,34.0,52.0,18.0,4.0,Mount Greenwood,0.03772769615177592,0,Mount Greenwood
253,74.0,2015,155.0,87.0,62.0,13.0,61.0,59.0,19.0,79.0,11.0,6.0,Mount Greenwood,0.05824325116766597,1,Mount Greenwood
254,74.0,2016,154.0,103.0,80.0,12.0,25.0,50.0,29.0,50.0,9.0,10.0,Mount Greenwood,0.04124806672415333,0,Mount Greenwood
255,75.0,2012,638.0,433.0,317.0,213.0,166.0,171.0,201.0,133.0,144.0,93.0,Morgan Park,0.17177452438835153,1,Morgan Park
256,75.0,2013,632.0,428.0,256.0,218.0,189.0,165.0,120.0,125.0,89.0,84.0,Morgan Park,0.15608460627586498,1,Morgan Park
257,75.0,2014,522.0,368.0,204.0,174.0,140.0,144.0,107.0,123.0,76.0,56.0,Morgan Park,0.13013382048900982,1,Morgan Park
258,75.0,2015,490.0,345.0,235.0,134.0,170.0,162.0,98.0,169.0,71.0,59.0,Morgan Park,0.08336501692337452,0,Morgan Park
259,75.0,2016,378.0,379.0,251.0,60.0,147.0,152.0,103.0,131.0,67.0,49.0,Morgan Park,0.07843075458744665,0,Morgan Park
260,77.0,2012,994.0,525.0,354.0,151.0,176.0,220.0,271.0,150.0,123.0,98.0,Edgewater,0.05759396465905871,1,Edgewater
261,77.0,2013,863.0,431.0,231.0,103.0,151.0,193.0,173.0,160.0,90.0,100.0,Edgewater,0.03612951087911964,1,Edgewater
262,77.0,2014,700.0,389.0,217.0,108.0,125.0,169.0,97.0,191.0,78.0,62.0,Edgewater,0.0201331050937965,0,Edgewater
263,77.0,2015,676.0,373.0,217.0,52.0,147.0,151.0,109.0,174.0,95.0,54.0,Edgewater,0.021936997536404018,0,Edgewater
264,77.0,2016,678.0,370.0,208.0,39.0,135.0,117.0,125.0,170.0,99.0,91.0,Edgewater,0.018454517962274253,0,Edgewater
